metrics/precision(B): 0.8823245250598192
metrics/recall(B): 0.9152434829195393
metrics/mAP50(B): 0.9494578952956391
metrics/mAP50-95(B): 0.508907134501239
metrics/precision(P): 0.9007538891215362
metrics/recall(P): 0.9342723004694836
metrics/mAP50(P): 0.963098857755684
metrics/mAP50-95(P): 0.9170237259626999
fitness: 1.4745934497226774
preprocess: 3.944810555905712
inference: 7.110853584445253
loss: 0.0019316770592514348
postprocess: 3.392462827721421
fitness : 1.4745934497226774
MAPS : 1.4259
