metrics/precision(B) : 0.9017734177744419
metrics/recall(B) : 0.9154929577464789
metrics/mAP50(B) : 0.9397430371076586
metrics/mAP50-95(B) : 0.5188914353749151
metrics/precision(P) : 0.9171974468499039
metrics/recall(P) : 0.9360830518209575
metrics/mAP50(P) : 0.9641278971223488
metrics/mAP50-95(P) : 0.9275561050090833
fitness : 1.4921898797685993
preprocess : 4.3042533251704
inference : 5.7521547589983255
loss : 0.0015424222362284757
postprocess : 2.8206085672183914
fitness : 1.4921898797685993
MAPS :      1.4464
