metrics/precision(B): 0.8694699474005314
metrics/recall(B): 0.9248826291079812
metrics/mAP50(B): 0.9547734064821162
metrics/mAP50-95(B): 0.5225009605510089
metrics/precision(P): 0.8871241595304914
metrics/recall(P): 0.9436619718309859
metrics/mAP50(P): 0.968322482570723
metrics/mAP50-95(P): 0.9217492999594722
fitness: 1.492134823364717
preprocess: 0.16817268060178173
inference: 1.8954082411162707
loss: 0.0003405979701450893
postprocess: 0.7396036264847736
fitness :  1.492134823364717
MAPS :  1.4443
