metrics/precision(B): 0.9095016641849146
metrics/recall(B): 0.8544600938967136
metrics/mAP50(B): 0.9425345167955554
metrics/mAP50-95(B): 0.5005760535156143
metrics/precision(P): 0.8663058148211406
metrics/recall(P): 0.9430654593206969
metrics/mAP50(P): 0.959754315626758
metrics/mAP50-95(P): 0.9147880123972474
fitness: 1.4640565425638068
preprocess: 0.15205753092863122
inference: 1.9007069723946708
loss: 0.00039412050831074617
postprocess: 0.7470383936045122
fitness: 1.4640565425638068
MAPS : 1.4154  
